data = {
    'user_id': 1,
    'head_positions': [
        {
            'time_ms': 1523673929746,
            'position': [(0.749373, 0.0411, -0.660871, 0.0), (0.304131, 0.865196, 0.398668, 0.0), (0.588168, -0.499743, 0.635855, 0.0), (-0.230533, 0.252012, -0.177395, 1.0)]
        },
        {
            'time_ms': 1523673929846,
            'position': [(0.749373, 0.0411, -0.660871, 0.0), (0.304131, 0.865196, 0.398668, 0.0), (0.588168, -0.499743, 0.635855, 0.0), (-0.230533, 0.252012, -0.177395, 1.0)]
        },
        {
            'time_ms': 1523673929946,
            'position': [(0.749373, 0.0411, -0.660871, 0.0), (0.304131, 0.865196, 0.398668, 0.0), (0.588168, -0.499743, 0.635855, 0.0), (-0.230533, 0.252012, -0.177395, 1.0)]
        },
        {
            'time_ms': 1523673930746,
            'position': [(0.749373, 0.0411, -0.660871, 0.0), (0.304131, 0.865196, 0.398668, 0.0), (0.588168, -0.499743, 0.635855, 0.0), (-0.230533, 0.252012, -0.177395, 1.0)]
        }
    ],
    'location': {
        'lat': 37.386251,
        'lng': -122.0668649,
        'altitude_m': 50.2,
        'speed_mps': 15.64,
        'horizontal_accuracy_m': 5.2,
        'vertical_accuracy_m': 4.6
    }
}

positions = data['head_positions']

x = [
    (0.749373, 0.0411, -0.660871, 0.0),
    (0.304131, 0.865196, 0.398668, 0.0),
    (0.588168, -0.499743, 0.635855, 0.0),
    (-0.230533, 0.252012, -0.177395, 1.0)
]

# Front close
x1 = [
    [0.999838, -0.0166354, -0.00689306, 0.0],
    [0.0176833, 0.979327, 0.201511, 0.0],
    [0.00339834, -0.2016, 0.979462, 0.0],
    [-0.0161541, 0.0116044, -0.358902, 1.0]
]
[
    1, 0, 0,
    0, 1, 0,
    0, 0, 1
]

# Right close
x2 = [
    [[0.86698, -0.0411894, -0.496637, 0.0],
     [0.0823146, 0.994725, 0.0611975, 0.0],
     [0.491497, -0.0939376, 0.865797, 0.0],
     [-0.0373612, 0.0185152, -0.343818, 1.0]]
]
[
    1, R, Y,
    R, 1, P,
    Y, P, 1,
]

# left back
x3 = [
    [[0.876514, -0.0315314, 0.480343, 0.0],
     [0.0268818, 0.999501, 0.0165579, 0.0],
     [-0.480626, -0.00160074, 0.876924, 0.0],
     [-0.00508672, -0.020439, -0.439621, 1.0]]
]

[
    1, 0, .5,
    0, 1, 0
    -5, 0, 1
]
# up more back
x4 = [
    [0.998138, -0.028353, -0.0540089, 0.0],
    [0.0061001, 0.927367, -0.374104, 0.0],
    [0.060693, 0.373078, 0.925813, 0.0],
    [-0.0341526, 0.0826031, -0.546372, 1.0]
]

[
    1, 0, 0
    0, 1, -.5
    0, .5, 1
]

p1 = [x1[0][2], x1[1][2], x1[2][2]]
p1 = [x2[0][2], x2[1][2], x2[2][2]]